0 0.1 7.110114868264645
1 0.1 6.216140810400248
2 0.1 5.970703541766852
3 0.1 5.847003194969147
4 0.05 5.651910845190287
5 0.05 5.5603436534293
6 0.05 5.499860224779695
7 0.05 5.446631779894233
8 0.025 5.213631535880268
9 0.025 5.162654821295291
10 0.025 5.074487992562354
11 0.025 5.015650913119316
12 0.0125 4.754040707834065
13 0.0125 4.60973112937063
14 0.0125 4.545699007343501
15 0.0125 4.4683013474568725
16 0.00625 4.101048906799406
17 0.00625 4.004904465051368
18 0.00625 3.9429175318218768
19 0.00625 3.8226513317786157
20 0.003125 3.640218764077872
21 0.003125 3.53949740761891
22 0.003125 3.4747666073963046
23 0.003125 3.4478055147919804
24 0.0015625 3.3065614821389318
25 0.0015625 3.294451339635998
26 0.0015625 3.245101943379268
27 0.0015625 3.215242392849177
28 0.00078125 3.161911897128448
29 0.00078125 3.114602949237451
30 0.00078125 3.098857753444463
31 0.00078125 3.1191636314615607
32 0.000390625 3.0718354815617204
33 0.000390625 3.0704121668823063
34 0.000390625 3.04586689802818
35 0.000390625 3.0423069044481963
36 0.0001953125 3.02861554780975
37 0.0001953125 3.024989864323288
38 0.0001953125 3.020220584468916
39 0.0001953125 3.054375176783651
