0 0.1 7.637320194393396
1 0.1 6.94394947681576
2 0.1 6.794070512056351
3 0.1 6.681740237399936
4 0.05 6.55357644893229
5 0.05 6.489926205947995
6 0.05 6.456881095189601
7 0.05 6.409254672471434
8 0.025 6.281704970635474
9 0.025 6.243163346778601
10 0.025 6.203379299957305
11 0.025 6.190556681249291
12 0.0125 6.04534410033375
13 0.0125 6.010615118779242
14 0.0125 5.986494576092809
15 0.0125 5.923834980931133
16 0.00625 5.784255975857377
17 0.00625 5.722985045053065
18 0.00625 5.69551756978035
19 0.00625 5.639036705717444
20 0.003125 5.545594605617225
21 0.003125 5.4993578204885125
22 0.003125 5.439032916910946
23 0.003125 5.437539131846279
24 0.0015625 5.31607995275408
25 0.0015625 5.311582901049405
26 0.0015625 5.272499033249915
27 0.0015625 5.272088193334639
28 0.00078125 5.186417406890541
29 0.00078125 5.176177635323256
30 0.00078125 5.186491164844483
31 0.00078125 5.141148602589965
32 0.000390625 5.112202972173691
33 0.000390625 5.110632066614926
34 0.000390625 5.086710582487285
35 0.000390625 5.109417844563723
36 0.0001953125 5.06760721700266
37 0.0001953125 5.068122596479952
38 0.0001953125 5.0568670481443405
39 0.0001953125 5.058433776721358
