0 0.1 6.670467089861631
1 0.1 5.8207953479141
2 0.1 5.630135190207511
3 0.1 5.483743977732956
4 0.05 5.251552525442094
5 0.05 5.171961631625891
6 0.05 5.065195832867175
7 0.05 5.014268015976995
8 0.025 4.750448039732873
9 0.025 4.636198013089597
10 0.025 4.506094709038734
11 0.025 4.434486813377589
12 0.0125 4.054695673286915
13 0.0125 3.8796795937232673
14 0.0125 3.714259159984067
15 0.0125 3.592121206689626
16 0.00625 3.2003313133027405
17 0.00625 3.0551073658280075
18 0.00625 2.9316886456217617
19 0.00625 2.850140200695023
20 0.003125 2.65023535117507
21 0.003125 2.5501983042340726
22 0.003125 2.520786589710042
23 0.003125 2.4930249720346183
24 0.0015625 2.3682210242841393
25 0.0015625 2.312712048413232
26 0.0015625 2.338593038264662
27 0.0015625 2.3124127977062017
28 0.00078125 2.238519836915657
29 0.00078125 2.2494389549829066
30 0.00078125 2.2322990165557712
31 0.00078125 2.207195004913956
32 0.000390625 2.1902887015603483
33 0.000390625 2.165852789534256
34 0.000390625 2.160190374823287
35 0.000390625 2.1562965263146907
36 0.0001953125 2.141875771107152
37 0.0001953125 2.1510982792824507
38 0.0001953125 2.131333637284115
39 0.0001953125 2.150494874920696
